1.1   3.4
1.2   1.4
1.3   4.9
1.4   7.4
1.5   9.3
2.1   2.4
2.2   2.1
2.3   8.3
2.4   9.1
2.5   8.8
3.1   1.4
3.2   2.9
3.3   3.7
3.4   9.4
3.5   8.6
4.1   2.6
4.2   3.6
4.3   4.5
4.4   8.2
4.5   8.9
5.1   1.5
5.2   3.1
5.3   2.1
5.4   7.9
5.5   8.8
6.1   4.2
6.2   4.9
6.3   6.5
6.4   7.7
6.5   6.1
7.1   4.8
7.2   6.2
7.3   9.9
7.4   6.2
7.5   5.7
8.1   5.4
8.2   6.0
8.3   5.2
8.4   7.6
8.5   4.9
9.1   3.1
9.2   4.1
9.3   6.6
9.4   7.5
9.5   7.2
10.1   3.2
10.2   6.5
10.3   7.1
10.4   6.0
10.5   8.3
